,median,nine,total,batch,rps
0,42.43135452270508,149.51570510864255,2695.9102153778076,518.3026790618896,60
1,669.5826053619385,914.6641731262206,55961.70425415039,1028.1217098236084,90
2,71.66767120361328,246.57219409942616,9199.958086013794,534.069299697876,120
3,84.88988876342773,269.34782981872553,13630.032777786255,543.0648326873779,150
4,111.55474185943604,355.57487249374384,21530.72762489319,639.7256851196289,180
5,112.47467994689941,394.5163822174073,25342.400550842285,556.495189666748,210
6,126.58452987670898,441.5224313735961,33071.90775871277,566.9982433319092,240
7,161.9102954864502,517.4186134338372,49095.68190574646,1074.4547843933105,270
8,263.39828968048096,868.6790370941162,82477.15544700623,1087.8467559814453,300
9,363.36612701416016,870.9564208984375,105608.46185684204,1095.4735279083252,330
10,195.0678825378418,819.8892426490759,82598.7114906311,1095.5541133880615,360
11,415.9567356109619,1128.9079189300537,142666.21589660645,1603.7306785583496,390
12,225.75843334197998,859.9417734146118,112334.83958244324,1109.7760200500488,420
13,268.7044143676758,946.0460948944091,143390.68031311035,1119.9243068695068,450
14,307.64269828796387,672.5984120368956,135796.4973449707,1222.794771194458,480
15,932.2488307952881,1416.3365936279297,343854.91609573364,1639.4000053405762,510
16,412.5889539718628,1463.3897542953487,274912.2350215912,1738.2402420043945,540
17,314.594030380249,1108.6270427703857,197081.2063217163,1655.5180549621582,570
18,582.6848745346069,1561.687514781952,403950.3445625305,2252.228260040283,600
19,594.646692276001,1558.4620285034182,400076.21121406555,2166.6722297668457,630
20,378.50213050842285,1208.9470338821423,275747.33567237854,1764.6253108978271,660
21,475.2159118652344,1159.8559379577632,300713.2565975189,1686.9001388549805,690
22,748.5103607177734,1259.443073272705,401353.905916214,1687.441110610962,720
23,411.4086627960205,1504.7190666198728,375348.26731681824,1801.6538619995117,750
24,511.454701423645,1500.2323365211487,409570.91903686523,2207.933187484741,780
25,450.14095306396484,1535.369462966919,415843.8239097595,1710.946798324585,810
26,690.3878450393677,1490.989136695862,609277.7304649353,1728.724479675293,840
27,618.8273429870605,1528.1904077529903,530458.5599899292,2345.9842205047607,870
28,707.3428630828857,1622.9610443115234,620170.3169345856,2319.6394443511963,900
29,622.3907470703125,1505.917272567749,563605.0951480865,2245.640754699707,930
30,983.9869737625122,2286.149561405182,932054.3098449707,2758.298873901367,960
31,637.3312473297119,1784.71109867096,652616.1682605743,2260.091543197632,990
32,595.4718589782715,1355.2791833877563,580221.6181755066,1769.2320346832275,1020
33,707.8709602355957,1766.5288257598872,811361.401796341,2289.8871898651123,1050
34,649.9303579330444,1358.8341403007505,641367.4108982086,1784.8727703094482,1080
35,763.676643371582,1703.5328960418701,847237.3259067535,2390.045642852783,1110
36,811.8644952774048,1741.5357828140259,873462.9895687103,2317.8815841674805,1140
37,750.6825923919678,1520.8423519134526,822827.2612094879,2310.0597858428955,1170
38,868.7742948532104,1646.7088079452517,940195.8391666412,2358.896493911743,1200
39,1002.1378993988037,1479.4034528732302,1059492.282152176,2326.9150257110596,1230
40,963.4099006652832,1732.9005861282355,1091939.5642280579,2445.1563358306885,1260
41,900.8080959320068,1601.81775093079,1066348.376750946,1948.9586353302002,1290
42,1137.8066539764404,2046.0508465766902,1287606.1427593231,2957.4971199035645,1320
43,1102.825403213501,1839.1374921798663,1245023.2458114624,2365.2844429016113,1350
44,1184.8034858703613,1955.4162168502805,1472944.640636444,2492.790699005127,1380
45,1867.3343658447266,2553.803281784057,2468149.9428749084,2999.168872833252,1410
46,1053.8216829299927,1675.9381532669067,1371675.0447750092,2487.1931076049805,1440
47,1412.198543548584,2343.871941566467,1904378.8259029388,3012.8109455108643,1470
48,1345.4465866088867,2139.005348682404,1822500.4878044128,3010.0643634796143,1500
49,1280.7707786560059,1974.1518783569338,1767318.0332183838,2415.2820110321045,1530
50,1087.8229141235352,2061.0891151428227,1714038.2792949677,3041.3002967834473,1560
51,1137.5465393066406,1949.6322631835938,1668139.279127121,3035.8126163482666,1590
52,1460.355520248413,2089.6486830711365,2257648.3285427094,2557.662010192871,1620
53,1602.2984981536865,2742.6117324829106,2351547.0650196075,3567.1756267547607,1650
54,1763.4527683258057,2404.292197227478,2582361.4168167114,3580.0039768218994,1680
55,1840.125560760498,2425.3225421905518,2764477.602958679,2955.902338027954,1710
56,1711.5141153335571,2390.4829740524287,2616804.612159729,3116.189479827881,1740
57,2187.011480331421,2641.527338027954,3323861.205101013,3601.147174835205,1770
58,1761.0838413238525,2347.878646850585,2694690.3853416443,3110.353946685791,1800
59,1435.1105690002441,2325.825252532959,2446310.0893497467,3135.29634475708,1830
60,1983.2035303115845,2606.3368439674373,3216397.255420685,3654.444694519043,1860
61,2303.650140762329,3007.495164871216,3765029.263496399,3624.5017051696777,1890
62,1807.921051979065,2537.6429295539856,3101389.9681568146,3155.8876037597656,1920
63,2936.537742614746,3418.281011581421,4325421.624183655,4169.2399978637695,1950
64,1767.6490545272827,2550.5139899253845,3261069.761276245,3188.9474391937256,1980
65,2175.7211685180664,3262.1856880187993,4018789.5340919495,4200.868606567383,2010
66,1871.307373046875,2701.4556884765625,3266451.698064804,3649.888277053833,2040
67,2106.299877166748,2545.675330162048,3639475.1024246216,3192.5179958343506,2070
