,median,nine,total,batch,rps
0,8.027076721191406,28.316421508789062,121.03128433227539,535.0100994110107,10
1,7.753610610961914,48.978261947631815,200.87647438049316,552.7291297912598,15
2,12.86160945892334,31.430261135101315,262.56728172302246,576.3249397277832,20
3,8.264422416687012,44.68835830688475,310.5642795562744,594.1004753112793,25
4,8.894920349121094,37.67615795135498,387.631893157959,610.4733943939209,30
5,12.677669525146484,50.2108335494995,503.47423553466797,628.563404083252,35
6,9.09721851348877,29.052317142486565,409.9273681640625,649.4483947753906,40
7,14.382123947143555,77.34837532043457,845.0930118560791,664.996862411499,45
8,678.2381534576416,774.9217605590821,30508.50796699524,1130.92041015625,50
9,8.602380752563477,32.5154399871826,601.7124652862549,704.1335105895996,55
10,7.101774215698242,30.84033966064452,593.7261581420898,725.7606983184814,60
11,8.312463760375977,60.97778558731079,889.8153305053711,744.3280220031738,65
12,9.541988372802734,53.84612560272219,1089.440107345581,777.4956226348877,70
13,9.429216384887695,46.57346248626715,870.2340126037598,788.7029647827148,75
14,9.569048881530762,36.28176212310795,909.7685813903809,799.6237277984619,80
15,8.152604103088379,51.595985889434814,946.4895725250244,816.1027431488037,85
16,8.841753005981445,31.668424606323256,1017.6246166229248,838.2852077484131,90
17,8.297920227050781,30.869054794311506,984.8978519439697,858.4733009338379,95
18,8.041620254516602,69.89774465560913,1314.7447109222412,868.7341213226318,100
19,9.28497314453125,66.53793096542346,1487.6174926757812,897.4742889404297,105
20,12.408256530761719,62.21527099609371,1682.4302673339844,913.3923053741455,110
21,10.656118392944336,54.68862056732179,1638.3967399597168,936.5684986114502,115
22,9.49394702911377,57.32659339904783,1791.1710739135742,944.265604019165,120
23,9.050846099853516,63.10420036315918,1787.8246307373047,967.3881530761719,125
24,9.353399276733398,38.92554283142093,1484.055757522583,994.5290088653564,130
25,11.991739273071289,70.43132781982422,2416.724443435669,1061.5265369415283,135
26,10.173439979553223,49.10266399383545,1768.5163021087646,1018.8624858856201,140
27,8.930683135986328,68.48527669906615,2060.3256225585938,1038.7177467346191,145
28,9.528636932373047,69.55539226531981,2083.172082901001,1053.5967350006104,150
29,8.699655532836914,42.202382087707534,1742.6109313964844,1068.6156749725342,155
30,8.738160133361816,37.68471240997314,1721.9223976135254,1094.914197921753,160
31,8.590340614318848,60.26445865631106,1889.1448974609375,1115.8912181854248,165
32,8.863210678100586,51.885366439819315,1981.478214263916,1133.8191032409668,170
33,8.426189422607422,78.42643737792964,2245.7635402679443,1161.1640453338623,175
34,9.419560432434082,76.87454938888537,2631.767749786377,1177.77681350708,180
35,8.65161418914795,43.96613836288448,2069.723129272461,1201.0478973388672,185
36,324.3708610534668,673.3710289001468,55422.34992980957,1126.863718032837,190
37,9.60683822631836,59.56188678741453,2456.2413692474365,1221.9018936157227,195
38,11.017203330993652,50.576508045196555,2662.51802444458,1247.5037574768066,200
39,9.862899780273438,39.73653078079219,2543.058156967163,1255.5944919586182,205
40,9.100914001464844,36.01163864135749,2319.7877407073975,1265.0089263916016,210
41,11.617183685302734,138.26132774353025,4695.8136558532715,1291.832447052002,215
42,8.99815559387207,48.147444725036635,2505.5458545684814,1319.2827701568604,220
43,10.513663291931152,58.29855442047123,3016.162157058716,1331.3744068145752,225
44,10.362625122070312,52.763133049011216,3088.0396366119385,1344.9175357818604,230
45,9.01031494140625,80.5456161499024,3252.8679370880127,1366.0480976104736,235
46,9.499907493591309,72.16041088104241,3334.4509601593018,1384.5360279083252,240
47,9.203672409057617,45.2823567390442,2877.16007232666,1395.22385597229,245
48,8.595466613769531,37.51853942871091,2689.267158508301,1432.403326034546,250
49,10.080575942993164,79.1934871673584,3913.2776260375977,1491.2006855010986,255
50,8.682489395141602,46.07684135437005,2911.193609237671,1466.5777683258057,260
51,9.724020957946777,72.3478651046753,3972.3241329193115,1462.8674983978271,265
