,median,nine,total,batch,rps
0,9.356498718261719,61.67443513870238,893.1272029876709,716.3803577423096,60
1,9.221315383911133,34.20977592468262,1032.5696468353271,842.8068161010742,90
2,8.639931678771973,60.513162612914975,1594.9549674987793,943.6254501342773,120
3,9.662389755249023,71.30330085754395,2405.393600463867,1070.4102516174316,150
4,8.289337158203125,60.2794456481931,2170.0429916381836,1175.3768920898438,180
5,8.014440536499023,28.86463165283206,2070.504665374756,1272.6635932922363,210
6,9.667277336120605,163.97663354873652,4208.423852920532,1399.888277053833,240
7,9.18722152709961,42.575120925903306,3273.158073425293,1518.9108848571777,270
8,11.040091514587402,88.78015041351318,4670.737743377686,1623.7916946411133,300
9,11.509180068969727,134.8293018341067,6118.950843811035,1717.2319889068604,330
10,11.633515357971191,78.45563173294066,5753.15523147583,1846.4417457580566,360
11,11.114120483398438,62.11590766906738,6250.721454620361,1979.867696762085,390
12,9.447813034057617,70.2440547943116,5813.2641315460205,2076.063394546509,420
13,10.173320770263672,99.71431732177714,7207.146167755127,2189.3279552459717,450
14,10.442018508911133,82.86906480789185,7701.528310775757,2339.7185802459717,480
15,11.30533218383789,130.49035549163824,8910.535097122192,2425.37260055542,510
16,9.82201099395752,61.9024634361266,7168.970823287964,2562.537431716919,540
17,9.746789932250977,96.68604850769043,9054.119110107422,2630.314826965332,570
18,12.69829273223877,174.0012526512148,12897.310733795166,2717.590570449829,600
19,9.353399276733398,54.530692100525066,7803.645372390747,2848.46830368042,630
20,11.003255844116211,102.59321451187137,11718.358993530273,2970.2847003936768,660
21,10.60175895690918,88.59553337097168,10717.342853546143,3121.238946914673,690
22,11.600375175476074,97.79767751693724,12605.40795326233,3185.290813446045,720
23,9.623289108276367,84.93028640747066,10587.79001235962,3306.314468383789,750
24,14.511823654174805,581.3142418861389,70194.79060173035,3429.1059970855713,780
25,10.087013244628906,82.68083572387714,12108.490467071533,3505.356788635254,810
26,10.474920272827148,95.09124755859447,14154.671907424927,3626.3864040374756,840
27,10.0555419921875,94.58946228027315,13439.580202102661,3721.879720687866,870
28,10.89024543762207,145.5342936515808,19153.02324295044,3937.8576278686523,900
29,9.836673736572266,75.79009056091303,13532.1044921875,3985.7938289642334,930
30,10.539412498474121,112.68676042556763,17456.950902938843,4075.6468772888184,960
31,37.1856689453125,1501.5447139739993,295234.0247631073,4167.282342910767,990
32,10.54537296295166,170.46842098236115,20377.451419830322,4379.112005233765,1020
33,9.750604629516602,98.06664466857887,15993.096590042114,4419.690847396851,1050
34,10.380387306213379,120.33718347549396,18672.372817993164,4508.786916732788,1080
35,10.080099105834961,104.56089496612536,17927.303075790405,4661.712884902954,1110
36,9.762763977050781,104.09367084503174,18086.342334747314,4819.908618927002,1140
37,12.422561645507812,1521.2676143646245,75156.04376792908,5835.1030349731445,1170
38,10.613322257995605,102.04087734222416,20851.691246032715,4984.830141067505,1200
39,10.010480880737305,106.51035308837898,19491.98293685913,5099.698066711426,1230
40,10.567188262939453,112.66243934631373,21161.734580993652,5286.221265792847,1260
41,9.48786735534668,87.70451545715338,18457.842111587524,5273.753643035889,1290
42,10.32721996307373,104.45111036300536,22727.928161621094,5448.766469955444,1320
43,13.692378997802734,928.3114480972274,179435.15396118164,5499.73726272583,1350
44,9.70304012298584,84.38342571258514,21116.597652435303,5695.666790008545,1380
45,9.458065032958984,85.68603515624993,20317.687034606934,5699.192762374878,1410
46,9.240508079528809,63.022696971893275,19236.114501953125,5842.3144817352295,1440
47,9.28950309753418,94.73985195159904,21473.523378372192,5955.776214599609,1470
48,10.659456253051758,327.3423624038696,44616.18113517761,6104.203462600708,1500
49,9.791135787963867,101.73529624938972,23755.091428756714,6180.0432205200195,1530
50,9.7123384475708,141.29397392272952,27366.56427383423,6344.979286193848,1560
51,10.483980178833008,98.69573116302513,26122.350692749023,6419.403791427612,1590
52,10.175228118896484,143.76685142517098,27641.011714935303,6580.921411514282,1620
53,9.523391723632812,133.75558853149423,27468.066453933716,6635.192632675171,1650
54,9.806513786315918,71.90232038497975,24126.752376556396,6744.789361953735,1680
55,9.536504745483398,95.88385581970202,25587.886333465576,6885.174036026001,1710
56,10.380148887634277,167.05387830734196,33000.30207633972,6974.111080169678,1740
57,9.641885757446289,93.09770584106433,27427.565813064575,7097.6152420043945,1770
58,15.90120792388916,1711.6302919387815,445710.95514297485,7096.5259075164795,1800
59,9.832382202148438,108.11135768890381,27731.600046157837,7498.640775680542,1830
60,9.89687442779541,100.80008983612055,30012.536764144897,7470.7934856414795,1860
61,10.586261749267578,155.79700469970703,36494.69542503357,7479.856014251709,1890
62,11.037826538085938,773.8227462768555,135817.42334365845,7548.54679107666,1920
63,9.485960006713867,148.12007904052734,33647.81999588013,7619.636535644531,1950
64,9.842634201049805,155.65567016601585,35597.06354141235,7836.884021759033,1980
65,11.02304458618164,115.47364234924328,35699.08809661865,7944.171905517578,2010
66,11.243700981140137,1438.8292551040656,182797.84107208252,8956.105947494507,2040
67,9.927034378051758,92.15937614440875,32396.63600921631,8174.947500228882,2070
