,median,nine,total,batch,rps
0,12.99905776977539,29.16149139404297,160.87651252746582,505.2320957183838,10
1,11.942386627197266,45.72328567504883,285.8569622039795,506.78205490112305,15
2,31.35979175567627,124.53425168991085,680.3884506225586,508.2662105560303,20
3,21.754741668701172,67.41196155548093,555.6626319885254,510.5936527252197,25
4,20.98703384399414,60.03718852996825,665.2693748474121,511.6457939147949,30
5,487.778902053833,544.090747833252,15299.256801605225,1016.5553092956543,35
6,34.13188457489014,109.24571752548215,1381.1891078948975,517.4143314361572,40
7,32.620787620544434,94.88962650299072,1551.7101287841797,515.2628421783447,45
8,32.56797790527344,107.72243499755862,1668.6797142028809,516.909122467041,50
9,35.178184509277344,129.12046432495097,2120.802879333496,519.9744701385498,55
10,38.26892375946045,79.2484951019287,2209.9876403808594,520.7693576812744,60
11,43.52927207946777,135.19131898880005,3095.179796218872,523.578405380249,65
12,40.8785343170166,122.93330192565918,3012.739419937134,523.557186126709,70
13,52.55270004272461,136.40270709991455,3717.0183658599854,525.8724689483643,75
14,55.240750312805176,156.84572935104373,4270.391464233398,524.888277053833,80
15,50.47714710235596,153.12224626541138,4106.915473937988,529.8874378204346,85
16,53.056955337524414,182.2352409362795,5549.751996994019,528.3300876617432,90
17,52.54244804382324,191.81412696838373,5502.726078033447,529.5259952545166,95
18,56.9005012512207,159.1878008842468,5848.978281021118,530.1613807678223,100
19,70.2366828918457,169.58621263504017,6809.562683105469,589.4207954406738,105
20,59.84997749328613,183.3360195159912,7181.8506717681885,531.3584804534912,110
21,68.00270080566406,184.58303928375244,7518.160581588745,532.5534343719482,115
22,68.26448440551758,174.5038223266601,7881.031513214111,535.7592105865479,120
23,62.5530481338501,190.02409696578982,9354.188442230225,535.8085632324219,125
24,68.2070255279541,180.53676605224615,8738.813638687134,537.9564762115479,130
25,74.84960556030273,254.74610328674314,9985.21876335144,538.994312286377,135
26,83.30929279327393,229.2625904083252,11534.993886947632,540.2491092681885,140
27,80.5046558380127,277.55540609359707,12110.183000564575,542.2236919403076,145
28,87.94236183166504,332.74010658264154,15210.423946380615,623.6016750335693,150
29,99.49922561645508,350.2012634277345,16454.681634902954,544.9059009552002,155
30,88.26935291290283,480.42893648147543,18553.499937057495,1044.3074703216553,160
31,88.64462375640869,367.10412025451666,18076.895236968994,546.4818477630615,165
32,96.99463844299316,366.99554443359375,18444.061756134033,548.7563610076904,170
33,104.98571395874023,261.3813591003418,16812.08896636963,550.177812576294,175
34,178.62844467163086,259.21111583709717,25846.917390823364,549.4954586029053,180
35,115.31364917755127,411.64933443069407,22707.942724227905,550.2698421478271,185
36,111.10472679138184,302.78050899505627,19470.354080200195,552.293062210083,190
37,112.77890205383301,342.65697479248047,21604.291200637817,553.52783203125,195
38,108.29567909240723,377.9127860069277,22448.662996292114,554.7709465026855,200
39,113.53516578674316,285.73885202407814,22421.988010406494,556.1988353729248,205
40,148.39839935302734,428.64011764526373,31186.96880340576,648.6296653747559,210
41,113.20161819458008,476.14547729492136,28153.54061126709,1057.8627586364746,215
42,117.79463291168213,434.7456622123719,26922.327041625977,561.8932247161865,220
43,122.59376049041748,492.37387657165556,33271.61908149719,1063.0533695220947,225
44,128.86953353881836,429.4766044616699,31295.273780822754,560.8353614807129,230
45,148.66018295288086,382.51314163208025,32556.60843849182,650.3255367279053,235
46,129.23872470855713,482.98481702804565,33593.22094917297,564.3370151519775,240
47,123.35777282714844,322.860062122345,30721.266508102417,565.7796859741211,245
48,127.31003761291504,389.6948719024658,33029.04462814331,566.7712688446045,250
49,223.04821014404297,392.7459907531738,50473.75249862671,571.3462829589844,255
50,134.3519687652588,393.76309394836426,35707.60250091553,571.38991355896,260
51,145.00021934509277,408.02307844161976,36947.490215301514,573.0535984039307,265
